1811881118. 1

81181188 18118888818 - 88181 881 81 8118188118, 13 1888811118·
881 111 Wien. Sitzungsberieht der 11811. 1181811188. Classe, 1856,
-62 oeh -65, Dessa 8118 818 88811188 1111 8188 8111881 8811
1111 1118181881 1 881811, 81811181188 mitt eget, 811 1188111111·
1818188 181 888 1118, 11811818 88 181, 188818111888188 81811811-
11118 181 818188 8118188, 111118 8181 videre 18888818188 18111888.

G. A. Gnnr's 11818118 8118188, som 888811 81811 88181118811
(1118881 18188 genem den 1111181 881 18181818818118811118888 Ι
pe 811 818118 81 81181818118 8888818181 11888818811111818111-
181, 88111 81 88 118818 81188111188 81181, 818 18881 8188181818
hist 81 Genera, 1840 8811 41; Genera 81 8118188411 6818188118
81 Genera 1855. Deras 81818118118188181881188188 181181188
81 881 0111181818, 1 118818 Animal, och 181188 88811 8188118818
1811811818.

Den Syrtematieka 888181118118818188, 8818 811818118888
1111111 1111188188, 18181 1 Upsala 11188111111860881 888811Ζ881,
Ρ188., 881. 1866, uppgives 1818 1111888 81181 11818 81818 181181·
18188 1811181 8811 818118181881811 81881111 ”8111181811118”. 1)1
(188 8818188818 8181818811111181 med de 81 181818118888 upp-
8181111188188, ehuru i 8111818 8188118, 881818111811111118111181
88181 1811. 81811, 1 811181181 1 81888188 1111 1118111181 81 (1811
188818 018811881 (”Ρ8888188”), 81 1111888 81181 181811811818118188
1 ”81818181“ο818188”, 81 181 188 8118188118118118 888 8188111
en videre 8118811118 81 88 1811181 881118818111881 818811 en
118118118188 111 888888 1111181111 881 8118881811181. De 88118
uppsats sedan blivit 8181118111 Washington 881188811881181-
81888 81 Β1181, 88181 88181181 18111 881888111111811888818 81·
1111181111 81818811 81 81818 81818 1811811818, 811818 88 811
(1818818118 118118181188 1181118188 118111 811188811188118811 811·
18888188.

Utom desse 188811118181111888118188818 181881 81881 88
8888818 1181111111 818188 811 111181888181181888811811818181181
8181811118818888 *och de enskilda benene 18118, 8188118181·
188 881 Β118888111, 8811818181181 81 Α. 111188 11818818 1811,
1 11818 111181118 811818 8181 1181111188 1888118188181, 1866 881
18118188 11; 11818188111818 8118118811 1818181181181 18111, 11888
88888 88881881811881 utem 818188188181881 1811818188 upp-
881888. Deremot 18 11 1111888 111181 18118181818 818188181181
81818111 81181 8181811818 88181,.1111181 81888 1818 88188188 1818
881118118818181, 8811111881 11181118 8118181118 ”On 118 818881-
1881181 81 Β1188”, 1 Ζ881. Ρ188. April 1867. 11818181111888881

 

